,learning_rounds,learning_time,training_set_loglikelihood
1,100,300.51568,-73500.27178216029
2,100,300.720454,-66094.51529453983
3,100,302.238359,-63502.84282737873
4,100,305.323573,-57916.89053806251
5,100,307.251889,-50211.87351653541
6,100,312.061138,-42760.68568924372
7,100,324.746004,-44953.35137603903
8,100,319.538348,-40428.90057462922
9,100,324.352015,-41659.80439447203
10,100,325.899574,-42180.30917453664
11,100,341.141351,-39252.21887318458
12,100,339.357258,-40453.81021396818
13,100,346.781443,-39009.28970041202
14,100,344.515016,-40740.57582335715
15,100,358.338217,-38971.23105415548
16,100,356.773757,-38499.95983337074
17,100,374.754921,-38914.269588185496
32,100,852.479295,-38389.396848965574
64,100,3193.537252,-37916.94064700912
128,100,12543.443171,-37492.41776910888
256,100,50215.20556,-37128.108000883156
